%% Mycobacterium tuberculosis data for response to SDS
% first data set: 
% A. time-course data:
% 1. sigE sds up - wt(2), delta mprA
% 2. mprA sds up - wt, delta sigE
% 3. sigB sds up - wt(3), delta (sigE, mprA, clgR)
% 4. sigE sds down - wt
% B. Dose response
% 1. sigE inc, dec
%  time | set1 | set2 | set3
% transcript - activation/deactivation - strain
% 1. sigE - activation - wild type
wt_up_E = [0	0.000473704	0.000329132	0.000457534
        30	0.002475189	0.002409674	0.00242613
        60	0.002292269	0.002002011	0.002204748
        120	0.002219553	0.0017935	0.001735838
        300	0.002903768	0.003317744	0.002352584];
% 2. sigE - deactivation - wildtype    
wt_down_E = [0	0.002219553	0.0017935	0.001735838
            30	0.000567751	0.000495423	0.00073302
            60	0.000468052	0.000355821	0.00069907
            120	0.000493151	0.000650515	0.000395983
            300	0.000560071	0.000348454	0.000662255];
        
% 3. sigE - activation - wildtype + delta mprA
        % wildtype
sigE_wt = [0	mean([0.000101931	0.00029936	0.000245818])
            30	mean([0.00112947	0.001673808	0.001365462])
            60	mean([0.001528448	0.001339354	0.00105518])
            90	mean([0.001010565	0.001486763	0.001873596])
            120	mean([0.001644416	0.000844133	0.00089731])
            180	mean([0.001000702	0.001444277	0.001045441])
            240	mean([0.000914389	0.001168057	])
            360	mean([0.001018242	0.001271678	0.000759603])
            ];
        sigE_wt_std = [var([0.000101931	0.00029936	0.000245818])
            var([0.00112947	0.001673808	0.001365462])
            var([0.001528448	0.001339354	0.00105518])
            var([0.001010565	0.001486763	0.001873596])
            var([0.001644416	0.000844133	0.00089731])
            var([0.001000702	0.001444277	0.001045441])
            var([0.000914389	0.001168057	])
            var([0.001018242	0.001271678	0.000759603])
            ].^0.5;
        % delta mprA
sigE_delmprA = [0	mean([0.000138666	0.000142533	0.00018454])
            30	mean([0.000216598	0.000373758	0.000239679])
            60	mean([0.000421287	0.000448	0.000267383])
            90	mean([0.000265336	0.000174096])
            120	mean([0.000239431	0.000251785	0.000122306])
            180	mean([0.000236795	0.00026879	0.000190533])
            240	mean([0.000181474	0.000236414	0.000224837])
            360	mean([0.000230462	0.000311202	0.000259051])
            ];
sigE_delmprA_std = [var([0.000138666	0.000142533	0.00018454])
            var([0.000216598	0.000373758	0.000239679])
            var([0.000421287	0.000448	0.000267383])
            var([0.000265336	0.000174096])
            var([0.000239431	0.000251785	0.000122306])
            var([0.000236795	0.00026879	0.000190533])
            var([0.000181474	0.000236414	0.000224837])
            var([0.000230462	0.000311202	0.000259051])
            ].^0.5;

% 4. mprA - activation - wildtype + delta sigE
        % wildtype
mprA_wt = [0	mean([0.000107017	0.000635933	0.000358923])
             30	mean([0.001568725	0.001968912	0.00240118])
            60	mean([0.003527778	0.002768	0.002196174])
            90	mean([0.003660204	0.003747088	0.003758893])
            120	mean([0.002284045	0.003534674	0.003450476])
            180	mean([0.004482783	0.003714286	0.003649012])
            240	mean([0.003646924	0.002357182	])
            360	mean([0.006696772	0.002765242	0.002411691])
            ];

mprA_wt_std = [var([0.000107017	0.000635933	0.000358923])
             var([0.001568725	0.001968912	0.00240118])
            var([0.003527778	0.002768	0.002196174])
            var([0.003660204	0.003747088	0.003758893])
            var([0.002284045	0.003534674	0.003450476])
            var([0.004482783	0.003714286	0.003649012])
            var([0.003646924	0.002357182	])
            var([0.006696772	0.002765242	0.002411691])
            ].^0.5;        

        % delta sigE
mprA_delsigE = [0	0.000312073	0.000280454	0.000199643
            30	0.001000075	0.000911407	0.00076849
            60	0.001373957	0.000697122	0.000912206
            90	0.000464723	0.000436862	0.000777589
            120	0.000596117	0.000870632	0.000626925
            180	0.000872495	0.000434759	0.000454975
            240	0.000592353	0.000583278	0.000374412
            360	0.000664586	0.000309622	0.000293906];
% 5. sigB - activation - wildtype + delta sigE
sigB_wt = [0	0.000220154	0.00081535	0.000608574
            30	0.005330677	0.005114236	0.006810619
            60	0.008755556	0.009369	0.0077151
            90	0.007736341	0.005703827	0.006038208
            120	0.006698795	0.006875667	0.006773322
            180	0.009561043	0.007242923	0.006606588
            240	0.003960842	0.006678318	0.00560346
            360	0.007145008	0.003701712	0.006222777];

sigB_delsigE = [0	3.38032E-05	3.22658E-05	2.08447E-05
        30	4.02291E-05	4.91578E-05	3.75251E-05
        60	4.58593E-05	5.15874E-05	5.60771E-05
        90	5.61017E-05	3.23072E-05	5.86268E-05
        120	5.24084E-05	5.26167E-05	6.77545E-05
        180	7.26045E-05	7.19089E-05	4.96278E-05
        240	7.35952E-05	7.56364E-05	3.71776E-05
        360	7.9184E-05	3.76217E-05	5.51642E-05];

% 6. sigB - activation - wildtype + delta mprA
        % wildtype
sigB_wt2 = [0	0.000589406	0.001348528	0.001359927
        30	0.014432948	0.011803549	0.009194567
        60	0.020138734	0.01165622	0.016813885
        90	0.021812904	0.01337154	0.012126834
        120	0.008972135	0.008286979	0.010402149
        180	0.013284697	0.01693197	0.013689207
        240	0.010207951	0.012809696	0.011621706
        360	0.01539611	0.009624152	0.012241535];

        % delta mprA
sigB_delmprA = [0	0.000655008	0.000795001	0.000937386
        30	0.000907363	0.001530824	0.001111906
        60	0.003944885	0.003041357	0.002472166
        90	0.001787386	0.001365407	0.001444067
        120	0.002539168	0.00271293	0.003439156
        180	0.003261644	0.003137152	0.003013367
        240	0.00329318	0.003279592	0.00490539
        360	0.003398909	0.005755299	0.005358893];

% 7. sigB - activation - wildtype + delta clgR
        % delta clgR
sigB_delclgR =[0	0.000123653	0.000155173	0.000171528
        30	0.002080381	0.002396167	0.002394772
        60	0.003355268	0.003477615	0.002877006
        90	0.001468329	0.003519796	0.002633795
        120	0.001774515	0.00158476	0.001457651
        180	0.000599187	0.000466589	0.000530604
        240	0.000301954	0.000205059	0.000179635
        360	0.00018624	0.000204701	0.000210161];
        % wildtype
sigB_wt3 = [0	0.000109137	0.000128349	0.00011468
        30	0.001088112	0.002540989	0.001476047
        60	0.001989466	0.003105085	0.002309134
        90	0.002478156	0.002470469	0.002787353
        120	0.001373324	0.002307117	0.001817823
        180	0.00212995	0.001711391	0.002012263
        240	0.00119979	0.001674457	0.001368587
        360	0.001075409	0.002178123	0.001161586];

% 8. sigE - dose response
    % activation
sigE_sds_inc = [0	0.000365846	0.000370666	0.00035555
        0.005	0.000342962	0.000634087	0.000428826
        0.01	0.000534025	0.000600447	0.000693618
        0.015	0.000718429	0.000699794	0.000814269
        0.02	0.001590816	0.001321662	0.001836502
        0.025	0.001887193	0.002087983	0.002499903
        0.03	0.003338119	0.0030246	0.004625368];
    % deactivation
sigE_sds_dec = [0.03	0.00252816	0.00342773	0.003684136
        0.025	0.002288718	0.002740816	0.002937222
        0.02	0.002162732	0.003203855	0.002409505
        0.015	0.001199079	0.002186655	0.001301759
        0.01	0.001610153	0.001970594	0.001981909
        0.005	0.001046203	0.000897676	0.00119236
        0	0.00090665	0.000876287	0.000927679];

%% expression data for smegmatis
% up down time course
