% mRNA data for time-course experiments - mprA, sigB, clgR, clpP1

%% mprA mRNA enumeration in WT and mutants
% 1. wt
mprA_wt = [0	0.000107017	0.000635933	0.000358923
             30	0.001568725	0.001968912	0.00240118
            60	0.003527778	0.002768	0.002196174
            90	0.003660204	0.003747088	0.003758893
            120	0.002284045	0.003534674	0.003450476
            180	0.004482783	0.003714286	0.003649012
            240	0.003646924	0.002357182	0.003355709
            360	0.006696772	0.002765242	0.002411691];

% 2. del sigE
mprA_delsigE = [0	0.000312073	0.000280454	0.000199643
            30	0.001000075	0.000911407	0.00076849
            60	0.001373957	0.000697122	0.000912206
            90	0.000464723	0.000436862	0.000777589
            120	0.000596117	0.000870632	0.000626925
            180	0.000872495	0.000434759	0.000454975
            240	0.000592353	0.000583278	0.000374412
            360	0.000664586	0.000309622	0.000293906];

% 3. 2743c
mprA_tn2743 =    [0	0.000221157	0.000119245	0.000243707
30	0.000484859	0.000500107	0.000699262
60	0.000379473	0.000818408	0.00052157
90	0.00058293	0.000299706	0.000364045
120	0.000321317	0.000360309	0.00039036
180	0.000218521	0.000206345	0.000183324
240	0.000285246	0.000187382	0.000255656
360	0.000213598	0.000246409	0.000206723];

% pepD
mprA_delpepD = [0	0.000225668	0.000205423	0.000270649
30	0.001449647	0.000532389	0.001824717
60	0.000774703	0.001400801	0.000667595
90	0.000982461	0.001063516	0.000386555
120	0.001249218	0.000740844	0.000912731
180	0.000781668	0.000856455	0.000524825
240	0.001258182	0.000673676	0.000872036
360	0.001164411	0.001439624	0.001021144];


%% sigB mRNA enumeration in WT and mutants
% 1. wildtype
sigB_wt2 = [0	0.000218937	0.000815858	0.000607531
30	0.005292237	0.00509517	0.006785813
60	0.008707674	0.009312746	0.007709693
90	0.007710301	0.005700447	0.006018918
120	0.006654914	0.006860977	0.006748211
180	0.009509328	0.007200172	0.006560825
240	0.003947144	0.006636741	0.005581122
360	0.007091674	0.003681214	0.006178077];

sigB_wt3 = [0	0.000589406	0.001348528	0.001359927
        30	0.014432948	0.011803549	0.009194567
        60	0.020138734	0.01165622	0.016813885
        90	0.021812904	0.01337154	0.012126834
        120	0.008972135	0.008286979	0.010402149
        180	0.013284697	0.01693197	0.013689207
        240	0.010207951	0.012809696	0.011621706
        360	0.01539611	0.009624152	0.012241535];
    
sigB_wt = [0	0.000109137	0.000128349	0.00011468
        30	0.001088112	0.002540989	0.001476047
        60	0.001989466	0.003105085	0.002309134
        90	0.002478156	0.002470469	0.002787353
        120	0.001373324	0.002307117	0.001817823
        180	0.00212995	0.001711391	0.002012263
        240	0.00119979	0.001674457	0.001368587
        360	0.001075409	0.002178123	0.001161586];

% 2 delta sigE
sigB_delsigE = [0	3.38032E-05	3.22658E-05	2.08447E-05
        30	4.02291E-05	4.91578E-05	3.75251E-05
        60	4.58593E-05	5.15874E-05	5.60771E-05
        90	5.61017E-05	3.23072E-05	5.86268E-05
        120	5.24084E-05	5.26167E-05	6.77545E-05
        180	7.26045E-05	7.19089E-05	4.96278E-05
        240	7.35952E-05	7.56364E-05	3.71776E-05
        360	7.9184E-05	3.76217E-05	5.51642E-05];

% 3 2743c
sigB_tn2743 = [0	0.000371015	0.000249753	0.000758185
30	0.001740081	0.002057258	0.001521085
60	0.005189545	0.004620686	0.008387471
90	0.003596678	0.001919896	0.003518901
120	0.001629296	0.00155113	0.001889055
180	0.00044621	0.000395935	0.000765219
240	0.000453311	0.000457062	0.000411854
360	0.000631521	0.00061935	0.00062474];

% 4 pepD
sigB_delpepD = [ 0	0.001397847	0.00106739	0.002277041
30	0.014616456	0.004794789	0.008504766
60	0.007393066	0.005482834	0.00885268
90	0.008420661	0.013609241	0.003091356
120	0.006678313	0.00874964	0.004428417
180	0.003688619	0.006634957	0.003007132
240	0.006116372	0.00279832	0.004221427
360	0.004842997	0.008098293	0.005144094];

% 5 clgR
sigB_delclgR =[0	0.000123653	0.000155173	0.000171528
        30	0.002080381	0.002396167	0.002394772
        60	0.003355268	0.003477615	0.002877006
        90	0.001468329	0.003519796	0.002633795
        120	0.001774515	0.00158476	0.001457651
        180	0.000599187	0.000466589	0.000530604
        240	0.000301954	0.000205059	0.000179635
        360	0.00018624	0.000204701	0.000210161];
    
%% clgR mRNA enumeration in WT and mutants
% 1. clgR - wt 
clgR_wt = [0	4.11577E-05	0.000118415	7.68415E-05
30	0.000327689	0.000374241	0.00028885
60	0.000509306	0.0005288	0.000368905
90	0.000297779	0.000301165	0.000214625
120	0.000159474	0.000164218	0.000120275
180	0.000296626	0.000157867	0.000162635
240	0.000127721	0.000193046	0.000184983
360	0.000232213	0.000243559	0.000156051];
% 2. delta sigE mutant
clgR_E =[0	4.30697E-06	3.25648E-06	3.24881E-06
30	5.22253E-07	7.67831E-06	8.98775E-06
60	1.43887E-06	5.15646E-06	9.08374E-06
90	3.63267E-06	3.88324E-06	1.21249E-06
120	2.35185E-06	2.52483E-06	2.71411E-06
180	4.55439E-06	5.38154E-06	1.35255E-06
240	4.65832E-06	3.18705E-06	9.8568E-06
360	3.5329E-06	6.79003E-06	1.13465E-05];

%% Enumeration of mRNA of psp genes - pspA, rv2743c, rv2742c
pspA = [0	mean([7.61344e-05	8.0188e-05])	7.61344e-05	8.0188e-05
30	0.000201976	0.000215079	7.74085E-05
60	0.000181376	0.000228783	0.000263534
90	0.00018632	0.000243056	0.000327406
120	6.32842e-05	0.000161333	0.000139415
180	0.000199059	0.000203309	0.000172653
240	8.39858e-05	9.53887e-05	0.000142388
360	8.61488e-05	0.000134478	0.000141026];

rv2743c = [0	2.8639e-05	0.000112114	9.50429e-05
30	0.000221059	0.000201523	0.000135295
60	0.000300449	0.000255567	0.000265603
90	0.000335795	0.000298864	0.000147246
120	0.000206774	0.000166507	0.000252603
180	0.000412072	0.000309582	0.00027637
240	0.000156433	0.00015956	0.000273522
360	0.000190667	0.000283945	0.000216626];

rv2742c = [0	0.000271193	0.00040625	0.000308737
30	0.000596222	0.001023363	0.000781122
60	0.00082287	0.000988202	0.000838766
90	0.001281472	0.001403916	0.001484404
120	0.000524664	0.000568009	0.000628697
180	0.000570259	0.000705047	0.000689145
240	0.000451882	0.000504561	0.000479227
360	0.000240338	0.000726186	0.00050982];
%% clpP1 mRNA enumeration in WT and mutants

% 1. wildtype
clp_wt = [0	0.000140864	0.000370795	0.000308674
30	0.000261902	0.000475056	0.000432212
60	0.000529167	0.00059085	0.000570208
90	0.000610998	0.000647671	0.000584387
120	0.000292333	0.000469635	0.000379171
180	0.000742957	0.000529888	0.000664506
240	0.000688497	0.000508283	0.000672145
360	0.000609935	0.000383581	0.000551773];

% 2. clgR deletion mutant
clp_clgR = [0	4.69646E-05	8.56187E-05	6.39593E-05
30	0.000156408	6.36739E-05	8.51299E-05
60	9.59424E-05	9.3499E-05	8.67396E-05
90	5.47603E-05	0.000130402	9.85277E-05
120	6.92066E-05	6.11442E-05	6.30384E-05
180	5.31558E-05	3.09932E-05	3.0373E-05
240	3.30573E-05	3.5371E-05	3.04868E-05
360	6.01909E-06	1.60917E-05	2.72636E-05];

% 3. complemented (a). c1-clgR (b).c2-clgR-pspA (c). c3-clgR-pspA-2743 (d).
% c4- clgR-pspA-2743-2742
clp_c1 = [0	0.000269523	0.000320472	0.00035373
30	0.000400265	0.000461262	0.00038528
60	0.000390106	0.000744434	0.000637016
90	0.000438291	0.000570712	0.000498106
120	0.000367251	0.000642526	0.000447992
180	0.000280842	0.000215111	0.00044977
240	0.000380085	0.000573796	0.000732843
360	0.000438568	0.000571346	0.000428642];

clp_c2 = [0	4.95943E-05	2.68498E-05	5.34999E-05
30	0.000102257	4.70486E-05	5.87438E-05
60	0.000124431	0.000113807	6.45785E-05
90	9.93627E-05	6.91756E-05	7.5026E-05
120	9.15428E-05	0.000116424	7.11412E-05
180	8.7255E-05	8.04097E-05	0.000137398
240	8.29255E-05	5.9726E-05	6.92713E-05
360	6.06734E-05	6.60834E-05	8.31238E-05];

