% mRNA data for dose response experiments - sigE, sigB, mprA
% REPEAT data    
sigE_sds_inc2 = [0	0.001201742	0.000996478	0.000972835
0.005	0.000902342	0.000990073	0.001001722
0.01	0.000613997	0.001481012	0.000968889
0.015	0.000922464	0.000924922	0.001099889
0.02	0.00178894	0.00151164	0.001587756
0.025	0.002401061	0.002823394	0.002889774
0.03	0.007075547	0.007991981	0.007698382];

sigE_sds_dec2 = [0.03	0.007311176	0.007576981	0.005685143
0.025	0.007654277	0.006869089	0.006581775
0.02	0.007996912	0.006116457	0.007007401
0.015	0.00511951	0.005052081	0.004738448
0.01	0.004954454	0.005197447	0.006435407
0.005	0.003040943	0.002108216	0.002746518
0	0.002563548	0.003691958	0.002349542];

sigB_sds_inc = [0	0.000616823	0.000517993	0.000507285
0.005	0.000880057	0.000468772	0.000426509
0.01	0.000447944	0.001031392	0.000562527
0.015	0.000451237	0.000401366	0.000640255
0.02	0.000923702	0.001156671	0.000929834
0.025	0.001615824	0.001920539	0.00198005
0.03	0.007118815	0.00780041	0.007689295];

sigB_sds_dec = [0.03	0.004307847	0.005005448	0.005142558
0.025	0.00368782	0.00526401	0.00479245
0.02	0.005913219	0.003909707	0.004078927
0.015	0.001965748	0.002164395	0.001849502
0.01	0.001497992	0.001342723	0.001635511
0.005	0.000815526	0.000776135	0.000946535
0	0.001008386	0.001126204	0.000873091];

mprA_sds_inc = [0	0.000213871	0.000215932	0.000195415
0.005	0.000208345	0.000214267	0.000308391
0.01	0.000130896	0.000282199	0.000196332
0.015	0.000117906	0.000122008	0.000141923
0.02	0.000370153	0.000320668	0.000344325
0.025	0.000929799	0.001083545	0.000998912
0.03	0.002039575	0.002162536	0.002683704];

mprA_sds_dec = [0.03	0.001426431	0.001415339	0.001615519
0.025	0.001374642	0.001246206	0.001203776
0.02	0.001727936	0.001212168	0.001264632
0.015	0.000407997	0.000526064	0.000399326
0.01	0.000279849	0.000288006	0.000408117
0.005	0.000193068	0.00015283	0.000192617
0	0.000240302	0.000329094	0.000184825];